1001 9.99503942530413
1002 9.47241277907048
1003 8.85063216194777
1004 8.50968002868427
1005 9.00874468697314
1006 10.1979502230245
1007 11.7570115720907
1008 12.9353222229165
1009 13.8652981000513
1010 13.9893183131415
1011 13.2585913552442
1012 11.8393463881097
1013 10.3829650633983
1014 9.19460913146592
1015 8.67055523463402
1016 8.66449662289346
1017 9.2777366976373
1018 10.3748661142034
1019 11.8412672644372
1020 13.0162385699255
1021 13.9849035005966
1022 14.1284688609897
1023 13.3900767905774
1024 11.9587566409442
1025 10.5000574976996
1026 9.31586289091468
1027 8.79476204401521
1028 8.78827689277608
1029 9.40003468503475
1030 10.4966561229082
1031 11.963463575212
1032 13.1388455550844
1033 14.107526048763
1034 14.2509202822988
1035 13.5124414048405
1036 12.0811549804807
1037 10.6225093066986
1038 9.43832504530387
1039 8.9172057982776
1040 8.91070753560667
1041 9.52246717673913
1042 10.6190951629398
1043 12.0859048628318
1044 13.2612850374646
1045 14.2299636986336
1046 14.3733578474222
1047 13.6348797144775
1048 12.2035936632561
1049 10.744947828699
1050 9.56076331814433
1051 9.03964401254894
1052 9.03314581884048
1053 9.6449055057898
1054 10.7415334715837
1055 12.2083431301507
1056 13.3837232824424
1057 14.3524019392356
1058 14.4957960838041
1059 13.7573179389083
1060 12.3260318720523
1061 10.8673860234962
1062 9.68320150130753
1063 9.16208218447378
1064 9.15558397868464
1065 9.76734365298748
1066 10.8639716062362
1067 12.3307812525512
1068 13.5061613926839
1069 14.4748400372344
1070 14.6182341694805
1071 13.8797560122614
1072 12.4484699331164
1073 10.9898240722877
1074 9.80563953781917
1075 9.28452020869508
1076 9.27802199061384
1077 9.8897816526283
1078 10.9864095935911
1079 12.4532192276198
1080 13.6285993554649
1081 14.5972779877274
1082 14.7406721076859
1083 14.0021939381795
1084 12.5709078467472
1085 11.1122619736311
1086 9.92807742687503
1087 9.40695808546347
1088 9.4004598550948
1089 10.0122195048218
1090 11.1088474334972
1091 12.5756570552385
1092 13.7510371707962
1093 14.7197157907712
1094 14.8631098984423
1095 14.1246317166485
1096 12.6933456129288
1097 11.2346997275252
1098 10.0505151684817
1099 9.5293958147827
1100 9.5228975721266
