1001 10.2138533618191
1002 9.02489883303033
1003 8.52741169849532
1004 8.53464581022141
1005 9.16161554702638
1006 10.2681803608234
1007 11.7266249203692
1008 12.9481700712185
1009 13.8885072158213
1010 14.02761271097
1011 13.3064775099084
1012 11.8384528626455
1013 10.3906629741419
1014 9.20137231567178
1015 8.69067200417875
1016 8.68136773723922
1017 9.29415332149035
1018 10.3912049713749
1019 11.8448441753903
1020 13.065158225918
1021 14.006386260468
1022 14.1472454891771
1023 13.4278742850178
1024 11.9611870972564
1025 10.5141900342138
1026 9.32522071847208
1027 8.81452293154555
1028 8.80505817116705
1029 9.4176395068565
1030 10.5145146131037
1031 11.9680345976272
1032 13.1882878093265
1033 14.1294996343173
1034 14.270369354331
1035 13.5510196744947
1036 12.084354362663
1037 10.637374000182
1038 9.44841466104588
1039 8.93772098373844
1040 8.9282563385521
1041 9.54083572655142
1042 10.6377083110415
1043 12.0912260986275
1044 13.3114778165807
1045 14.2526888716355
1046 14.3935583788622
1047 13.6742088221233
1048 12.2075437743522
1049 10.7605636831031
1050 9.57160455246358
1051 9.06091100066378
1052 9.05144640799211
1053 9.66402579847106
1054 10.7608983593469
1055 12.2144161158069
1056 13.4346678064263
1057 14.3758788427694
1058 14.5167483402562
1059 13.7973987807316
1060 12.3307337343989
1061 10.8837536463878
1062 9.69479451911045
1063 9.1841009699131
1064 9.17463637881992
1065 9.78721576996942
1066 10.8840883308892
1067 12.3376060870632
1068 13.5578577772985
1069 14.4990688133015
1070 14.639938310554
1071 13.9205887509062
1072 12.4539237045371
1073 11.0069436165428
1074 9.81798448930513
1075 9.30729094014946
1076 9.29782634908875
1077 9.91040574025809
1078 11.0072783011864
1079 12.4607960573611
1080 13.681047747593
1081 14.6222587835913
1082 14.7631282808395
1083 14.0437787211888
1084 12.5771136748182
1085 11.1301335868234
1086 9.94117445958587
1087 9.43048091043068
1088 9.4210163193705
1089 10.0335957105402
1090 11.1304682714688
1091 12.5839860276436
1092 13.8042377178755
1093 14.7454487538737
1094 14.886318251122
1095 14.1669686914712
1096 12.7003036451005
1097 11.2533235571057
1098 10.0643644298682
1099 9.55367088071299
1100 9.54420628965281
